EDIT 2:
Minimizer is Minuit / Migrad
Chi2                      =      0.50547
NDf                       =           12
Edm                       =  8.71276e-08
NCalls                    =          475
p0                        =    -0.838857   +/-   0.191477    
p1                        =      2192.67   +/-   213.419     
p2                        =      230.828   +/-   20.6481     
p3                        = -8.44176e-05   +/-   2.15306e-05 

EDIT 3:
Minimizer is Minuit / Migrad
Chi2                      =     0.259075
NDf                       =           10
Edm                       =  9.18478e-09
NCalls                    =          444
p0                        =     -0.73723   +/-   0.131953    
p1                        =      1652.83   +/-   92.6769     
p2                        =      142.045   +/-   5.92373     
p3                        = -8.88312e-05   +/-   1.76142e-05 

p0                        =     -1.24424 -0.838857    = -2.083097
p1                        =      2669.48 + 2192.67  = 4862.15
p2                        =      227.234 + 230.8   = 458.034
p3                        = -0.000131478 -8.44176e-05 = -0.0002158956

# parameter tnai_corr_enai = 0.00725505 1010.05 64.5214 -0.000121372